Input:

In=x=np.array([[ 0, 0, 0, 0],
               [ 1, 0, 0, 1],
               [ 0, 0,-1, 0],
               [ 0, 0, 1, 0]])
r=16


QPU Output:

energy: -19.5_____________________________
[14. 13. 12.  8.  4.  0.  1.  5.  9. 10.  6.  2.  3.  7. 11. 15.]
energy: -19.5_____________________________
[ 1.  5.  9. 10.  6.  2.  3.  7. 11. 15. 14. 13. 12.  8.  4.  0.]
energy: -19.5_____________________________
[ 2.  6. 10.  9.  5.  1.  0.  4.  8. 12. 13. 14. 15. 11.  7.  3.]
energy: -19.5_____________________________
[ 8.  4.  0.  1.  5.  9. 10.  6.  2.  3.  7. 11. 15. 14. 13. 12.]
energy: -19.5_____________________________
[10.  9.  5.  1.  0.  4.  8. 12. 13. 14. 15. 11.  7.  3.  2.  6.]
energy: -19.5_____________________________
[11.  7.  3.  2.  6. 10.  9.  5.  1.  0.  4.  8. 12. 13. 14. 15.]
energy: -19.0_____________________________
[ 4.  8. 12. 13.  9.  5.  6. 10. 14. 15. 11.  7.  3.  2.  1.  0.]
energy: -19.0_____________________________
[15. 11.  7.  3.  2.  1.  0.  4.  8. 12. 10.  6.  5.  9. 13. 14.]
energy: -19.0_____________________________
[15. 14. 13. 12.  8.  4.  0.  1.  2.  3.  7.  6.  5.  9. 10. 11.]
energy: -19.0_____________________________
[11.  7.  3.  2.  1.  0.  4.  8. 12. 10.  6.  5.  9. 13. 14. 15.]
energy: -19.0_____________________________
[ 8.  4.  0.  1.  5.  6. 10.  9. 13. 14. 15. 11.  7.  3.  2. 12.]
energy: -19.0_____________________________
[14. 10.  9. 13. 12.  8.  4.  0.  1.  5.  6.  2.  3.  7. 11. 15.]
energy: -19.0_____________________________
[14. 13. 12.  8.  9. 10.  6.  5.  4.  0.  1.  2.  3.  7. 11. 15.]
energy: -19.0_____________________________
[10.  6.  5. 12.  8.  4.  0.  1.  2.  3.  7. 11. 15. 14. 13.  9.]
energy: -19.0_____________________________
[ 1.  0.  4.  8. 12. 13.  9. 10. 14. 15. 11.  7.  3.  2.  6.  5.]
energy: -19.0_____________________________
[ 6.  5. 12.  8.  4.  0.  1.  2.  3.  7. 11. 15. 14. 13.  9. 10.]
energy: -18.5_____________________________
[ 6.  7. 11. 15. 14. 13. 12.  8.  4.  0.  1.  2.  3. 10.  9.  5.]


Simulation Output:

energy: -19.5_____________________________
[ 8. 12. 13. 14. 15. 11.  7.  3.  2.  6. 10.  9.  5.  1.  0.  4.]
energy: -19.5_____________________________
[ 4.  0.  1.  5.  9. 10.  6.  2.  3.  7. 11. 15. 14. 13. 12.  8.]
energy: -19.5_____________________________
[11. 15. 14. 13. 12.  8.  4.  0.  1.  5.  9. 10.  6.  2.  3.  7.]
energy: -19.5_____________________________
[12.  8.  4.  0.  1.  5.  9. 10.  6.  2.  3.  7. 11. 15. 14. 13.]
energy: -19.5_____________________________
[15. 14. 13. 12.  8.  4.  0.  1.  5.  9. 10.  6.  2.  3.  7. 11.]
energy: -19.0_____________________________
[ 7.  6.  5.  9. 10. 11. 15. 14. 13. 12.  8.  4.  0.  1.  2.  3.]